#
0 0
5 0
#
0 0
8 0
#
0 0
30 1
#
0 0
60 0
#
0 0
63 0
#
0 0
68 0
#
0 0
69 0
#
0 0
70 0
#
0 0
78 0
#
0 0
81 0
#
0 0
83 0
#
0 0
84 1
#
0 0
85 0
#
0 0
86 0
#
0 0
88 0
#
0 0
89 0
#
0 0
91 0
#
0 0
95 0
#
0 0
96 0
#
0 0
97 0
#
0 0
98 0
#
2 0
3 1
#
2 1
3 0
#
4 0
6 0
#
4 0
9 0
#
4 0
10 0
#
4 0
7 0
#
4 0
36 1
#
4 0
37 1
#
4 0
31 1
#
4 0
38 1
#
4 0
48 0
#
4 0
49 0
#
4 0
50 0
#
4 0
51 0
#
6 0
7 1
#
6 0
31 1
#
6 1
7 0
#
5 0
30 0
#
5 0
60 0
#
5 0
62 0
#
5 0
63 0
#
5 0
68 0
#
5 0
69 0
#
5 0
70 0
#
5 0
71 0
#
5 0
81 0
#
5 0
85 0
#
5 0
86 0
#
5 0
88 0
#
5 0
91 0
#
9 0
10 1
#
9 0
36 1
#
9 0
37 1
#
9 1
10 0
#
10 0
36 1
#
10 0
37 1
#
7 0
31 1
#
11 0
12 1
#
11 0
13 1
#
11 0
39 1
#
11 0
56 0
#
11 0
57 0
#
11 0
58 0
#
11 0
59 0
#
11 1
12 0
#
11 1
13 0
#
12 0
13 1
#
12 0
39 1
#
12 0
56 0
#
12 0
57 0
#
12 0
58 0
#
12 0
59 0
#
12 1
13 0
#
13 0
39 1
#
13 0
56 0
#
13 0
57 0
#
13 0
58 0
#
13 0
59 0
#
8 0
60 0
#
8 0
62 0
#
8 0
63 0
#
8 0
68 0
#
8 0
70 0
#
8 0
85 0
#
8 0
86 0
#
8 0
88 0
#
14 0
15 1
#
14 0
16 1
#
14 0
17 1
#
14 1
15 0
#
14 1
16 0
#
14 1
17 0
#
15 0
16 1
#
15 0
17 1
#
15 1
16 0
#
15 1
17 0
#
16 0
17 1
#
16 1
17 0
#
18 1
19 0
#
18 1
20 0
#
18 1
21 0
#
18 1
22 0
#
18 1
23 0
#
19 0
20 1
#
19 0
21 1
#
19 0
22 1
#
19 0
23 1
#
19 1
20 0
#
19 1
21 0
#
19 1
22 0
#
19 1
23 0
#
20 0
21 1
#
20 0
22 1
#
20 0
23 1
#
20 1
21 0
#
20 1
22 0
#
20 1
23 0
#
21 0
22 1
#
21 0
23 1
#
21 1
22 0
#
21 1
23 0
#
22 0
23 1
#
22 1
23 0
#
24 0
25 1
#
24 0
26 1
#
24 0
27 1
#
24 0
28 1
#
24 0
29 1
#
24 1
25 0
#
24 1
26 0
#
24 1
27 0
#
24 1
28 0
#
24 1
29 0
#
25 0
26 1
#
25 0
27 1
#
25 0
28 1
#
25 0
29 1
#
25 1
26 0
#
25 1
27 0
#
25 1
28 0
#
25 1
29 0
#
26 0
27 1
#
26 0
28 1
#
26 0
29 1
#
26 1
27 0
#
26 1
28 0
#
26 1
29 0
#
27 0
28 1
#
27 0
29 1
#
27 1
28 0
#
27 1
29 0
#
28 0
29 1
#
28 1
29 0
#
30 0
63 0
#
30 0
68 0
#
30 0
69 0
#
30 0
70 0
#
30 0
81 0
#
30 0
83 0
#
30 0
86 0
#
30 0
91 0
#
30 0
95 0
#
30 0
98 0
#
32 0
33 1
#
32 0
34 1
#
32 0
35 1
#
32 0
68 0
#
32 0
76 1
#
32 1
33 0
#
32 1
34 0
#
32 1
35 0
#
33 0
34 1
#
33 0
35 1
#
33 0
68 0
#
33 0
76 1
#
33 1
34 0
#
33 1
35 0
#
34 0
35 1
#
34 0
68 0
#
34 0
76 1
#
34 1
35 0
#
35 0
68 0
#
35 0
76 1
#
36 0
37 1
#
36 1
37 0
#
38 1
48 0
#
38 1
49 0
#
38 1
50 0
#
38 1
51 0
#
39 1
56 0
#
39 1
57 0
#
39 1
58 0
#
39 1
59 0
#
41 0
42 1
#
41 0
43 1
#
41 0
44 1
#
41 0
45 1
#
41 0
46 1
#
41 0
47 1
#
41 1
42 0
#
41 1
43 0
#
41 1
44 0
#
41 1
45 0
#
41 1
46 0
#
41 1
47 0
#
42 0
43 1
#
42 0
44 1
#
42 0
45 1
#
42 0
46 1
#
42 0
47 1
#
42 1
43 0
#
42 1
44 0
#
42 1
45 0
#
42 1
46 0
#
42 1
47 0
#
43 0
44 1
#
43 0
45 1
#
43 0
46 1
#
43 0
47 1
#
43 1
44 0
#
43 1
45 0
#
43 1
46 0
#
43 1
47 0
#
44 0
45 1
#
44 0
46 1
#
44 0
47 1
#
44 1
45 0
#
44 1
46 0
#
44 1
47 0
#
45 0
46 1
#
45 0
47 1
#
45 1
46 0
#
45 1
47 0
#
46 0
47 1
#
46 1
47 0
#
48 0
49 1
#
48 0
50 1
#
48 0
51 1
#
48 1
49 0
#
48 1
50 0
#
48 1
51 0
#
49 0
50 1
#
49 0
51 1
#
49 1
50 0
#
49 1
51 0
#
50 0
51 1
#
50 1
51 0
#
52 0
53 1
#
52 0
54 1
#
52 0
55 1
#
52 1
53 0
#
52 1
54 0
#
52 1
55 0
#
53 0
54 1
#
53 0
55 1
#
53 1
54 0
#
53 1
55 0
#
54 0
55 1
#
54 1
55 0
#
56 0
57 1
#
56 0
58 1
#
56 0
59 1
#
56 1
57 0
#
56 1
58 0
#
56 1
59 0
#
57 0
58 1
#
57 0
59 1
#
57 1
58 0
#
57 1
59 0
#
58 0
59 1
#
58 1
59 0
#
60 0
62 0
#
60 0
68 0
#
60 0
70 0
#
62 0
63 0
#
62 0
68 0
#
62 0
69 0
#
62 0
70 0
#
62 0
81 0
#
62 0
86 0
#
62 0
91 0
#
62 0
95 0
#
62 0
96 0
#
62 0
97 0
#
63 0
68 0
#
63 0
70 0
#
63 0
90 0
#
63 0
92 0
#
63 0
93 0
#
63 0
94 0
#
64 0
65 1
#
64 0
66 1
#
64 0
67 1
#
64 1
65 0
#
64 1
66 0
#
64 1
67 0
#
65 0
66 1
#
65 0
67 1
#
65 1
66 0
#
65 1
67 0
#
66 0
67 1
#
66 1
67 0
#
68 0
69 0
#
68 0
70 0
#
68 0
71 0
#
68 0
76 1
#
68 0
78 0
#
68 0
81 0
#
68 0
83 0
#
68 0
85 1
#
68 0
87 0
#
68 0
88 0
#
68 0
90 0
#
68 0
91 0
#
68 0
92 0
#
68 0
93 0
#
68 0
94 0
#
68 0
95 0
#
68 0
96 0
#
68 0
97 0
#
68 0
99 0
#
69 0
94 0
#
70 0
71 0
#
70 0
78 0
#
70 0
86 0
#
70 0
87 0
#
70 0
88 0
#
70 0
90 0
#
70 0
92 0
#
70 0
93 0
#
70 0
94 0
#
70 0
99 0
#
72 0
73 1
#
72 0
74 1
#
72 0
75 1
#
72 0
79 1
#
72 1
73 0
#
72 1
74 0
#
72 1
75 0
#
73 0
74 1
#
73 0
75 1
#
73 0
79 1
#
73 1
74 0
#
73 1
75 0
#
74 0
75 1
#
74 0
79 1
#
74 1
75 0
#
75 0
79 1
#
81 0
94 0
#
83 0
90 0
#
86 0
90 0
#
86 0
92 0
#
86 0
93 0
#
90 0
95 0
#
90 0
98 0
#
91 0
94 0
#
93 0
95 0
#
94 0
97 0
#